[28069.622156] [Project1] 11657 1588163369.269085167 1588163370.253722575
[28071.593398] [Project1] 11658 1588163371.224628559 1588163372.225417587
[28073.554578] [Project1] 11660 1588163373.181857559 1588163374.187057771
[28075.492779] [Project1] 11661 1588163375.147872856 1588163376.125706357
[28077.442147] [Project1] 11662 1588163377.077237804 1588163378.075526420
[28079.407589] [Project1] 11663 1588163379.027906729 1588163380.041423483
[28081.365671] [Project1] 11664 1588163381.015387847 1588163381.999919305
[28083.300224] [Project1] 11665 1588163382.954769731 1588163383.934967806
[28085.239084] [Project1] 11666 1588163384.893390938 1588163385.874276210
[28087.186463] [Project1] 11667 1588163386.841462403 1588163387.822108316
